25b: n_smooth = 500; offset = 25000; 	p = 26449211;  		q = 29035703;		start = sqrt(N)
50b: n_smooth = 650; offset = 8tr;  p = 913654768411577; q = 595380213669049
60b: n_smooth = 550;	offset = 40tr;  p = 724862766198327959		q = 633698479663872071		136s
70b: n_smooth = 1500;	offset = 800tr;	p = 787946253617704608587, q=1029022631373928416991		2457
[820, 416, 284, 278, 182, 144, 136, 98, 104, 88, 70, 82, 66, 56, 70, 70, 46, 50, 54, 54, 48, 38, 38, 38, 46, 36, 30, 38, 28, 24, 22, 20, 30, 22, 28, 22, 22, 24, 18, 22, 14, 18, 14, 26, 18, 12, 26, 16, 20, 14, 18, 14, 12, 18, 16, 10, 16, 22, 10, 22, 16, 12, 14, 12, 10, 12, 18, 10, 16, 8, 14, 14, 14, 8, 12, 14, 12, 6, 14, 10, 10, 14, 6, 8, 10, 8, 12, 10, 14, 16, 8, 8, 10, 6, 6, 6, 6, 10, 4, 10, 6, 8, 10, 8, 8, 10, 10, 8, 8, 10, 12, 6, 12, 6, 10, 6, 8, 10, 8, 10, 10, 10, 10, 10, 12, 6, 8, 10, 4, 6, 6, 12, 6, 4, 8, 10, 10, 8, 6, 8, 6, 8, 6, 10, 8, 6, 12, 6, 6, 6, 4, 4, 4, 0, 6, 8, 4, 6, 6, 4, 8, 10, 4, 6, 2, 6, 8, 4, 2, 6, 10, 4, 6, 8, 6, 4, 8, 6, 6, 4, 8, 4, 4, 4, 2, 6, 6, 6, 4, 4, 4, 4, 6, 6, 8, 4, 4, 4, 8, 6, 4, 6, 6, 4, 8, 6, 2, 2, 6, 2, 8, 6, 4, 8, 2, 4, 6, 4, 6, 6, 8, 2, 4, 6, 4, 6, 4, 2, 6, 8, 10, 8, 8, 2, 8, 4, 4, 2, 4, 4, 6, 6, 2, 4, 6, 2, 6, 6, 6, 2, 4, 4, 8, 2, 4, 2, 4, 2, 4, 4, 2, 6, 4, 2, 4, 4, 4, 6, 4, 2, 4, 4, 4, 2, 0, 6, 0, 4, 4, 4, 4, 4, 6, 2, 6, 2, 4, 2, 2, 2, 6, 2, 2, 6, 2, 2, 8, 4, 2, 0, 6, 6, 4, 6, 4, 4, 4, 6, 4, 4, 6, 4, 2, 2, 4, 8, 6, 2, 4, 4, 4, 6, 2, 4, 4, 4, 4, 4, 6, 2, 4, 2, 4, 4, 2, 2, 4, 2, 6, 4, 2, 2, 2, 6, 4, 8, 2, 2, 6, 4, 2, 4, 4, 0, 4, 2, 2, 4, 4, 2, 6, 2, 2, 6, 2, 2, 2, 4, 2, 4, 4, 2, 4, 2, 4, 4, 4, 0, 4, 4, 4, 2, 2, 2, 4, 4, 4, 2, 2, 4, 2, 6, 4, 2, 4, 2, 4, 4, 4, 0, 0, 2, 4, 2, 2, 2, 4, 2, 4, 2, 2, 4, 2, 2, 2, 2, 4, 6, 4, 2, 2, 2, 2, 4, 4, 0, 2, 2, 2, 2, 6, 2, 4, 2, 2, 4, 4, 2, 4, 2, 2, 0, 4, 4, 4, 6, 4, 6, 0, 2, 2, 4, 2, 2, 2, 2, 2, 4, 2, 4, 2, 2, 2, 2, 2, 2, 2, 2, 2, 2, 2, 0, 2, 0, 0, 4, 2, 6, 2, 4, 6, 4, 6, 0, 2, 4, 0, 4, 0, 4, 2, 0, 4, 2, 2, 2, 2, 0, 2, 2, 6, 4, 2, 2, 2, 2, 2, 4, 2, 4, 2, 2, 2, 2, 2, 2, 4, 2, 6, 4, 2, 2, 0, 4, 0, 4, 0, 0, 4, 4, 2, 2, 2, 2, 2, 2, 2, 0, 4, 0, 2, 0, 2, 2, 2, 2, 2, 4, 2, 4, 4, 2, 0, 2, 0, 6, 4, 2, 2, 2, 2, 2, 0, 2, 2, 0, 2, 2, 4, 2, 2, 0, 4, 0, 2, 0, 2, 2, 2, 0, 2, 2, 2, 0, 2, 4, 2, 2, 4, 2, 4, 2, 2, 2, 2, 0, 4, 0, 2, 4, 4, 0, 2, 2, 2, 2, 2, 2, 2, 2, 4, 0, 4, 2, 2, 2, 2, 4, 4, 4, 4, 2, 2, 2, 2, 4, 2, 2, 0, 2, 2, 4, 2, 4, 4, 0, 2, 2, 2, 4, 2, 0, 2, 2, 2, 0, 2, 2, 0, 2, 4, 0, 2, 2, 0, 2, 4, 2, 2, 0, 2, 0, 2, 2, 4, 4, 2, 0, 2, 4, 4, 0, 4, 2, 4, 0, 4, 4, 4, 6, 2, 2, 4, 2, 2, 0, 2, 8, 2, 4, 6, 2, 0, 2, 2, 2, 2, 2, 4, 2, 2, 0, 4, 0, 0, 2, 4, 4, 2, 4, 6, 0, 2, 6, 0, 4, 0, 0, 2, 2, 4, 2, 0, 4, 2, 4, 6, 4, 4, 2, 4, 2, 0, 2, 2, 2, 4, 2, 0, 4, 2, 0, 0, 0, 2, 0, 2, 2, 4, 4, 0, 4, 0, 2, 2, 2, 2, 2, 2, 2, 2, 2, 0, 2, 2, 2, 2, 0, 2, 0, 4, 2, 0, 2, 2, 0, 2, 2, 2, 0, 2, 2, 2, 0, 0, 2, 2, 0, 0, 0, 2, 0, 2, 2, 0, 2, 4, 2, 4, 2, 2, 2, 2, 4, 2, 0, 2, 2, 2, 0, 2, 0, 2, 2, 0, 4, 2, 2, 2, 2, 4, 0, 2, 2, 0, 4, 2, 4, 2, 2, 4, 0, 0, 0, 2, 0, 2, 4, 0, 2, 0, 0, 4, 4, 2, 0, 0, 2, 4, 2, 2, 2, 2, 2, 0, 0, 2, 2, 4, 0, 2, 2, 2, 0, 2, 0, 0, 0, 2, 0, 4, 0, 2, 2, 4, 2, 2, 4, 2, 2, 2, 2, 2, 2, 2, 2, 0, 2, 0, 4, 4, 2, 2, 2, 2, 0, 0, 2, 0, 0, 2, 0, 4, 2, 2, 0, 0, 2, 0, 2, 2, 2, 0, 0, 2, 4, 2, 4, 0, 2, 0, 4, 2, 0, 2, 2, 2, 2, 0, 0, 2, 2, 2, 2, 0, 2, 0, 2, 2, 2, 4, 0, 4, 0, 2, 2, 0, 2, 0, 4, 2, 2, 6, 2, 2, 4, 2, 0, 4, 0, 0, 2, 2, 4, 0, 2, 4, 2, 2, 2, 2, 0, 2, 2, 0, 0, 0, 0, 6, 2, 0, 2, 6, 0, 2, 0, 0, 4, 2, 2, 0, 0, 2, 0, 0, 2, 2, 2, 4, 0, 2, 0, 2, 4, 0, 0, 2, 2, 0, 0, 0, 4, 2, 2, 0, 0, 2, 2, 2, 2, 2, 2, 0, 0, 2, 0, 4, 2, 0, 0, 2, 2, 0, 0, 0, 2, 2, 0, 2, 0, 2, 2, 2, 2, 0, 2, 2, 0, 0, 2, 2, 4, 0, 2, 0, 0, 0, 2, 0, 2, 0, 4, 4, 2, 0, 0, 4, 0, 0, 0, 0, 0, 2, 0, 2, 0, 0, 0, 2, 0, 2, 4, 0, 0, 4, 4, 0, 2, 0, 2, 2, 2, 2, 2, 2, 0, 2, 2, 0, 0, 2, 0, 2, 2, 2, 2, 0, 0, 2, 0, 0, 0, 0, 2, 2, 0, 2, 2, 0, 0, 0, 0, 0, 0, 2, 0, 0, 0, 2, 0, 2, 2, 0, 2, 2, 2, 2, 0, 0, 2, 2, 0, 0, 2, 2, 0, 0, 2, 2, 4, 0, 2, 0, 4, 0, 0, 2, 0, 2, 2, 4, 2, 0, 2, 0, 2, 0, 0, 2, 2, 0, 2, 4, 2, 0, 0, 0, 0, 4, 0, 2, 2, 2, 0, 2, 2, 0, 2, 0, 2, 0, 2, 2, 0, 0, 0, 0, 2, 0, 0, 2, 0, 0, 4, 2, 4, 2, 2, 0, 2, 0, 0, 0, 0, 2, 4, 2, 0, 4, 0, 0, 4, 0, 4, 0, 0, 0, 2, 0, 0, 2, 2, 0, 2, 0, 0, 2, 0, 0, 2, 0, 0, 0, 0, 0, 0, 2, 2, 2, 0, 0, 2, 2, 0, 0, 2, 0, 2, 2, 2, 0, 0, 0, 2, 2, 0, 0, 0, 0, 0, 2, 0, 0, 2, 2, 4, 4, 0, 2, 2, 4, 0, 0, 0, 2, 0, 2, 4, 0, 0, 0, 4, 0, 0, 0, 2, 0, 0, 0, 0, 2, 0, 0, 0, 0, 2, 2, 0, 2, 0, 2, 2, 0, 2, 0, 2, 2, 2, 0, 2, 0, 2, 2, 2, 0, 2, 2, 0, 2, 2, 0, 0, 0, 2, 0, 6, 2, 2, 0, 0, 0, 2, 4, 0, 2, 0, 2, 2, 0, 0, 2, 2, 0, 2, 2, 0, 2, 2, 0, 2, 0, 0, 0, 2, 0, 0, 0, 0, 0, 0, 0, 4, 2, 2, 0, 4, 0, 2, 4, 2, 0, 0, 0, 0, 0, 0, 2, 2, 0, 0, 2, 2, 0, 0, 2, 0, 2, 2, 0, 0, 0, 0, 2, 0, 0, 4, 0, 0, 2, 2, 2, 2, 2, 0, 0, 0, 0, 0, 0, 4, 0, 4, 0, 0, 0, 2, 0, 2, 2, 2, 0, 2, 0, 2, 0, 0, 0, 0, 4, 2, 0, 0, 0, 0, 2, 4, 0, 0, 0, 0, 0, 2, 4, 2, 2, 4, 0, 0, 2, 0, 2, 0, 2, 0, 0, 2, 0, 2, 4, 2, 0, 0, 0, 2, 0, 0, 0, 0, 0, 0, 2, 0, 2, 0, 0, 2, 2, 0, 0, 0, 2, 0, 0, 0, 0, 0, 0, 0, 0, 0, 2]
80b:


50b:
		500: 80000:    		2x
		500: 5000000		65			2400s
		800: 400000: 	    43
		800: 800000:	    64
		800: 1200000		83			800s
		800  1600000		102			1000s
		1000: 80000:		89	
		1000: 2000000		163			500
		1000:  5000000		300			1600
		1000: 10000000		400			3900s
		
		
		800: 40000000		574			600s
		800: 60000000		
		
		
		650    1tr:		145
		650		4tr		399
		650 	8tr		647
		

60b:
		800 - > 1000:	16000000 ->24 tr
		800: 24tr: 		821
		
70b:	3500 -> 5000
		3500: 160tr:		2500		30m
		3000: 200tr:		2300
		3000: 240tr			2700
		
		3000:	400tr:		61000?	
		